0 0 0
0 1 0
0 2 0
0 3 0
0 4 0
0 5 0
0 6 0
0 7 0
0 8 0
0 9 0
0 10 0
0 11 0
0 12 0
0 13 0
0 14 0
0 15 0
0 16 0
0 17 0
0 18 0
0 19 0
0 20 0
0 21 0
0 22 0
0 23 0
0 25 0
0 26 0
0 27 0
0 28 0
0 29 0
0 30 0
0 31 0
0 32 0
0 33 0
0 34 0
0 35 0
0 36 0
0 37 0
0 38 0
0 0 1
0 0 2
0 0 3
0 0 4
0 0 5
0 0 6
0 0 7
0 0 8
0 0 9
0 0 10
0 0 11
0 0 12
0 0 13
0 0 14
0 0 15
0 0 16
0 0 17
0 0 18
0 0 19
0 0 20
0 0 21
0 0 22
0 0 23
0 0 24
0 1 24
0 2 24
0 3 24
0 4 24
0 5 24
0 6 24
0 7 24
0 8 24
0 9 24
0 10 24
0 11 24
0 12 24
0 13 24
0 14 24
0 15 24
0 16 24
0 17 24
0 18 24
0 19 24
0 20 24
0 21 24
0 22 24
0 23 24
0 25 24
0 26 24
0 27 24
0 28 24
0 29 24
0 30 24
0 31 24
0 32 24
0 33 24
0 34 24
0 35 24
0 36 24
0 37 24
0 38 24
0 38 1
0 38 2
0 38 3
0 38 4
0 38 5
0 38 6
0 38 7
0 38 8
0 38 9
0 38 10
0 38 11
0 38 12
0 38 13
0 38 14
0 38 15
0 38 16
0 38 17
0 38 18
0 38 19
0 38 20
0 38 21
0 38 22
0 38 23
0 24 0
0 24 24
1 1 23
0 3 23
0 3 22
17 37 21 100
21 2 23 37 21
17 37 22 0
;Name=Test
;DebugOnly